-28816.1875
-32352.53125
-35462.71875
-37687.25
-38747.8125
-38700.921875
-37847.6875
-36504.25
-34852.203125
-32968.484375
-30955.34375
-29044.375
-27613.546875
-27104.734375
-27852.96875
-29900.015625
-32919.390625
-36320.21875
-39454.4375
-41791.765625
-43008.578125
-43025.828125
-42014.453125
-40336.4375
-38419.640625
0.0
4987.703125
9296.171875
12703.453125
15030.28125
16156.109375
16035.75
14715.734375
12353.078125
9235.734375
5792.734375
2552.40625
0.0
-1612.9375
-2344.203125
-2586.328125
-2857.9375
-3549.375
-4785.453125
-6407.75
-8018.828125
-9085.703125
-9134.828125
-7997.828125
-5969.296875
-3738.65625
-2069.375
-1361.640625
-1358.078125
-1224.890625
0.0
2857.96875
7139.90625
12195.296875
17266.4375
21625.0625
24575.453125
25523.40625
24175.3125
20714.046875
15794.75
10370.625
5453.234375
1864.265625
0.0
-262.96875
631.3125
1929.515625
2827.703125
2814.46875
1913.21875
677.515625
-126.984375
0.0
950.03125
1994.4375
2323.140625
1516.078125
-287.015625
-2519.296875
-4478.03125
-5602.578125
-5640.640625
-4684.90625
-3108.5625
-1433.109375
-154.71875
434.515625
367.265625
0.0
-121.921875
512.84375
2099.796875
4366.265625
6664.734375
8298.109375
8865.96875
8363.578125
6994.484375
4959.0
2480.625
0.0
-1801.328125
-2317.203125
-1307.578125
1019.3125
4195.3125
7729.578125
11196.953125
14212.546875
16426.890625
17576.640625
17536.40625
16343.90625
14206.953125
11467.21875
8488.578125
5524.578125
2682.359375
0.0
-2470.40625
-4657.734375
-6662.15625
-8709.609375
-10866.9375
-12805.765625
-13903.921875
-13657.078125
-12047.546875
-9547.640625
-6784.734375
-4185.625
-1873.5
178.71875
1926.59375
3132.1875
3400.65625
2369.953125
0.0
-3208.15625
-6296.609375
-8173.328125
-8129.34375
-6169.8125
-2937.75
635.5625
3657.5
5435.75
5565.015625
4036.84375
1284.9375
-1987.859375
-5148.515625
-7851.640625
-9930.15625
-11108.59375
-10899.1875
-8831.703125
-4788.171875
879.78125
7496.46875
14255.84375
20318.4375
24895.15625
27426.578125
27763.859375
26158.75
23051.46875
18865.84375
13984.671875
8848.859375
4002.546875
0.0
-2753.171875
-4110.796875
-4305.640625
-3855.546875
-3275.109375
-2778.78125
-2217.375
-1315.359375
0.0
1444.0625
2466.859375
2577.109375
1594.359375
-276.34375
-2585.765625
-4949.46875
-7315.1875
-9930.59375
-12982.21875
-16213.28125
-18886.328125
-20139.796875
-19440.8125
-16818.46875
-12805.84375
-8203.09375
-3778.203125
0.0
3061.890625
5571.875
7619.578125
9024.46875
9440.796875
8657.75
6816.453125
4388.546875
2007.40625
331.71875
0.0
1594.078125
5524.921875
11811.5625
19929.515625
28848.046875
37281.234375
44056.15625
48425.5625
50178.28125
49522.515625
46848.078125
42523.234375
36817.0625
29931.171875
22067.359375
13479.15625
4506.984375
-4390.734375
-12631.125
-19568.296875
-24632.515625
-27487.640625
-28117.6875
-26801.875
-24016.296875
-20327.28125
-16297.109375
-12381.4375
-8828.234375
-5646.515625
-2698.125
133.28125
2809.5625
5108.671875
6680.21875
7161.5625
6367.0625
4506.390625
2255.671875
522.453125
0.0
836.4375
2645.5
4812.015625
6748.59375
8001.09375
8317.390625
7734.453125
6562.46875
5191.71875
3878.296875
2708.703125
1700.25
834.703125
0.0
-955.9375
-1987.46875
-2747.734375
-2792.734375
-1938.109375
-381.203125
1517.515625
3483.90625
5329.140625
6814.296875
7671.375
7804.703125
7408.96875
6840.265625
6385.015625
6153.890625
6128.59375
6226.3125
6310.34375
6210.34375
5817.265625
5208.1875
4681.125
4619.734375
5241.4375
6419.0
7758.40625
8894.296875
9712.03125
10245.828125
10367.140625
9656.296875
7664.4375
4312.25
0.0
-4672.5
-9263.296875
-13559.15625
-17410.4375
-20594.046875
-22870.8125
-24149.265625
-24557.46875
-24336.40625
-23643.671875
-22430.5625
-20487.203125
-17608.0
-13739.078125
-9012.875
-3697.484375
1852.3125
7218.625
11970.265625
15755.625
18359.125
19638.328125
19391.546875
17322.75
13213.953125
7213.0625
0.0
-7332.96875
-13622.78125
-18012.578125
-20133.171875
-20078.796875
-18266.34375
-15225.328125
-11348.765625
-6738.828125
-1337.03125
4677.328125
10563.703125
15146.90625
17372.34375
16851.203125
13983.65625
9650.953125
4773.984375
0.0
-4399.578125
-8429.21875
-12085.640625
-15119.578125
-17045.703125
-17395.5
-15972.15625
-12908.46875
-8585.34375
-3569.0625
1445.796875
5816.609375
9219.203125
11765.296875
13839.0625
15809.671875
17853.265625
19919.8125
21744.1875
22902.953125
23011.25
22003.421875
20243.546875
18304.125
16577.734375
15057.25
13442.671875
11436.703125
8985.28125
6323.75
3842.90625
1885.328125
609.484375
0.0
-17.546875
518.3125
1559.640625
2999.78125
4723.25
6723.90625
9138.09375
12088.90625
15428.90625
18603.140625
20786.71875
21239.859375
19658.21875
16313.796875
11942.53125
7476.09375
3742.171875
1225.703125
-26.859375
-306.015625
0.0
598.296875
1308.9375
2046.03125
2867.40625
4085.234375
6219.03125
9649.765625
14164.890625
18779.359375
22044.328125
22694.515625
20253.3125
15233.828125
8800.390625
2098.765625
-4270.34375
-10255.109375
-15929.25
-21136.703125
-25553.28125
-28988.671875
-31504.453125
-33233.9375
-34184.15625
-34248.453125
-33318.4375
-31302.109375
-28104.78125
-23748.78125
-18563.78125
-13166.90625
-8152.0625
-3782.53125
0.0
3311.1875
6133.234375
8332.375
9823.734375
10679.0
11101.328125
11315.515625
11441.6875
11424.359375
11085.09375
10281.71875
9044.296875
7569.21875
6098.796875
4812.5
3794.25
3036.484375
2441.046875
1841.0625
1065.234375
0.0
-1422.296875
-3310.765625
-5824.296875
-9108.03125
-13133.71875
-17505.78125
-21390.90625
-23733.1875
-23736.6875
-21328.15625
-17237.390625
-12603.546875
-8394.609375
-5034.5
-2391.40625
0.0
2677.859375
6052.0
10229.21875
15008.5
20038.90625
25000.109375
29661.5
33838.234375
37389.96875
40308.796875
42757.75
44936.171875
46872.34375
48368.359375
49152.984375
49046.921875
47946.296875
45686.109375
42018.421875
36805.765625
30252.390625
22906.265625
15357.0
7831.796875
0.0
-8838.359375
-19271.8125
-31274.671875
-44032.78125
-56191.9375
-66345.3125
-73469.703125
-77139.3125
-77527.203125
-75276.953125
-71293.984375
-66499.59375
-61633.0625
-57181.28125
-53414.421875
-50419.84375
-48068.09375
-45969.078125
-43532.203125
-40164.609375
-35511.203125
-29584.90625
-22703.125
-15282.1875
-7646.515625
0.0
7423.46875
14170.328125
19531.109375
22751.28125
23389.15625
21587.890625
18058.453125
13762.1875
9497.03125
5650.03125
2222.75
-984.6875
-4208.984375
-7636.359375
-11334.609375
-15179.671875
-18839.78125
-21859.71875
-23789.90625
-24295.9375
-23270.0625
-20961.703125
-18003.9375
-15172.015625
-12944.96875
-11218.5625
-9446.609375
-7080.265625
-3897.828125
0.0
4370.40625
8915.578125
13248.25
16930.96875
19677.453125
21553.84375
22965.28125
24412.578125
26204.53125
28312.15625
30412.28125
32052.328125
32837.171875
32547.5
31133.65625
28611.109375
24975.546875
20253.921875
14665.140625
8714.578125
3072.734375
-1694.984375
-5305.640625
-7688.9375
-8787.921875
-8484.421875
-6736.453125
-3752.84375
0.0
3953.875
7599.828125
10593.359375
12851.546875
14639.625
16497.96875
18933.546875
22084.9375
25681.140625
29323.375
32750.8125
35794.15625
38154.21875
39407.125
39368.15625
38463.984375
37671.078125
37997.34375
39921.0625
43189.765625
47013.796875
50410.796875
52495.09375
52674.453125
50772.984375
47039.609375
41996.296875
36178.34375
29910.296875
23241.765625
16057.375
8273.0
0.0
-8392.171875
-16312.34375
-23075.5
-28072.296875
-30964.046875
-31823.0
-31080.34375
-29248.203125
-26607.90625
-23150.078125
-18837.125
-13929.671875
-9049.890625
-4921.4375
-2015.921875
-354.109375
468.0
1084.125
2071.609375
3690.28125
5803.703125
8039.6875
10029.484375
11494.4375
12150.296875
11623.125
9527.34375
5637.15625
0.0
-7043.96875
-14890.234375
-22713.03125
-29655.1875
-35087.578125
-38720.203125
-40471.421875
-40270.34375
-38032.96875
-33824.734375
-27998.59375
-21148.578125
-13941.5625
-7000.09375
-913.265625
3713.8125
6327.859375
6673.453125
5073.296875
2459.453125
0.0
-1469.21875
-1761.984375
-1224.796875
-331.296875
605.40625
1448.25
2158.78125
2806.90625
3611.9375
4882.859375
6890.015625
9804.96875
13713.671875
18560.609375
23974.296875
29140.4375
32921.0625
34207.75
32303.96875
27143.34375
19295.453125
9813.28125
0.0
-8838.09375
-15607.59375
-19587.5625
-20560.6875
-18876.53125
-15367.484375
-11095.328125
-7026.796875
-3794.578125
-1635.359375
-479.75
-102.890625
-252.84375
-714.046875
-1308.828125
-1871.234375
-2234.03125
-2250.796875
-1853.734375
-1126.3125
-334.0
169.59375
183.328125
-87.734375
0.0
1226.203125
4045.0625
8309.828125
13375.78125
18449.265625
22887.90625
26288.234375
28424.453125
29175.546875
28499.328125
26444.515625
23195.671875
19126.4375
14771.140625
10651.78125
7067.484375
4063.75
1639.9375
-32.84375
-646.1875
0.0
1841.609375
4652.15625
8228.953125
12397.875
16857.546875
21115.8125
24632.28125
26995.046875
27943.375
27299.984375
25009.546875
21300.328125
16754.5625
12113.40625
7909.65625
4212.875
702.875
-2958.875
-6715.296875
-9955.328125
-11724.171875
-11135.03125
-7699.4375
-1442.0625
7128.25
17114.484375
27441.90625
37195.921875
45885.078125
53375.0625
59538.234375
63984.75
66156.046875
65656.09375
62471.59375
56919.484375
49460.34375
40571.1875
30717.078125
20358.328125
9958.40625
0.0
-8987.75
-16404.3125
-21604.515625
-24019.484375
-23393.421875
-20004.921875
-14643.578125
-8281.9375
-1700.34375
4603.609375
10191.84375
14448.171875
16602.671875
16007.046875
12461.265625
6412.65625
-1079.59375
-8657.78125
-15132.96875
-19792.328125
-22320.921875
-22513.984375
-20212.546875
-15626.359375
-9687.703125
-3953.0
0.0
1242.9375
-226.5625
-3674.0625
-8064.78125
-12455.03125
-16193.171875
-18950.53125
-20678.953125
-21551.515625
-21852.765625
-21784.875
-21290.453125
-20079.046875
-17894.328125
-14792.0625
-11150.84375
-7405.1875
-3770.09375
-203.390625
3403.125
6995.0625
10253.296875
12666.546875
13742.5625
13256.140625
11383.59375
8621.34375
5545.265625
2592.609375
0.0
-2122.25
-3692.28125
-4642.0625
-4941.59375
-4621.421875
-3778.109375
-2570.796875
-1217.59375
16.5625
857.28125
1083.921875
596.765625
-533.234375
-2039.1875
-3479.0625
-4357.203125
-4357.5
-3558.875
-2420.703125
-1480.28125
-989.90625
-813.984375
-655.0
-356.1875
0.0
210.21875
87.765625
-474.84375
-1504.921875
-2920.390625
-4499.4375
-5943.234375
-7027.765625
-7710.734375
-8072.515625
-8135.15625
-7748.875
-6696.859375
-4958.359375
-2887.015625
-1104.8125
-154.578125
-156.875
-690.609375
-937.578125
0.0
2722.40625
7224.8125
12819.1875
18375.015625
22751.984375
25151.0625
25223.828125
23030.859375
19014.875
13980.78125
8927.46875
4696.109375
1656.109375
-301.3125
-1449.453125
-1880.96875
-1444.734375
0.0
2279.828125
4857.265625
7051.75
8354.671875
8585.015625
7833.03125
6339.875
4444.8125
2571.109375
1133.484375
339.171875
0.0
-489.515625
-1942.59375
-4965.546875
-9583.171875
-15113.65625
-20378.265625
-24125.25
-25426.15625
-23889.828125
-19728.171875
-13770.25
-7402.15625
-2309.578125
0.0
-1295.453125
-6068.796875
-13396.28125
-21950.34375
-30418.328125
-37814.015625
-43648.9375
-47943.359375
-51044.421875
-53307.34375
-54844.25
-55543.390625
-55317.0625
-54284.40625
-52656.375
-50442.15625
-47329.75
-42915.1875
-37076.265625
-30150.96875
-22802.796875
-15730.984375
-9439.84375
-4172.109375
0.0
3016.796875
4769.984375
5265.28125
4849.53125
4203.734375
4001.96875
4523.53125
5591.75
6852.75
8058.609375
9109.21875
9949.421875
10526.5625
10817.90625
10806.453125
10405.953125
9459.359375
7844.390625
5576.734375
2841.71875
0.0
-2452.578125
-4098.9375
-4764.265625
-4651.421875
-4189.5625
-3659.359375
-2967.140625
-1802.21875
0.0
2309.46875
4972.0625
7946.640625
11340.0
15185.4375
19139.28125
22442.28125
24276.453125
24262.65625
22683.765625
20276.3125
17825.53125
15882.421875
14663.171875
14003.515625
13358.8125
11991.515625
9335.765625
5259.265625
0.0
-6087.96875
-12660.71875
-19165.34375
-24741.71875
-28470.671875
-29799.640625
-28787.15625
-26006.328125
-22253.859375
-18286.21875
-14675.828125
-11768.328125
-9693.296875
-8381.984375
-7565.578125
-6792.359375
-5530.46875
-3340.578125
0.0
4498.21875
9999.96875
16179.765625
22481.28125
28141.6875
32363.5
34535.75
34362.453125
31862.15625
27303.21875
21140.875
13986.0
6616.328125
0.0
-4766.328125
-6697.796875
-5336.390625
-1040.328125
5089.171875
11637.203125
17392.71875
21643.96875
24153.359375
24966.734375
24277.09375
22413.234375
19841.09375
17048.65625
14340.6875
11711.46875
8927.3125
5772.8125
2284.609375
-1170.1875
-3990.25
-5543.578125
-5393.53125
-3456.46875
0.0
4539.765625
9798.8125
15589.421875
21745.578125
27848.234375
33117.71875
36629.5625
37708.84375
36190.25
32377.984375
26836.34375
20254.046875
13445.59375
7324.328125
2701.09375
0.0
-871.40625
-389.328125
864.8125
2396.890625
3837.71875
4911.34375
5424.6875
5286.390625
4527.46875
3315.453125
1951.765625
811.390625
202.75
206.890625
607.96875
977.0
864.828125
0.0
-1588.3125
-3555.0
-5401.265625
-6664.953125
-7048.015625
-6433.421875
-4840.578125
-2425.71875
441.1875
3133.359375
4906.546875
5227.828125
4097.6875
2110.125
162.46875
-1012.21875
-1185.359375
-649.296875
38.921875
361.421875
0.0
-1179.8125
-3217.640625
-5975.984375
-9066.3125
-11880.296875
-13766.9375
-14276.234375
-13314.015625
-11119.3125
-8126.890625
-4862.796875
-1944.84375
-93.859375
0.0
-2024.609375
-5937.609375
-11003.953125
-16333.65625
-21228.28125
-25271.1875
-28184.59375
-29699.53125
-29598.28125
-27837.75
-24581.9375
-20130.296875
-14873.328125
-9329.984375
-4154.484375
0.0
2706.8125
3917.390625
3910.6875
3154.203125
2159.4375
1349.96875
955.375
991.59375
1367.390625
2040.328125
3081.859375
4600.28125
6605.625
8923.921875
11185.171875
12860.953125
13363.78125
12232.984375
9350.28125
5044.796875
0.0
-4992.6875
-9300.765625
-12464.328125
-14197.734375
-14427.984375
-13326.203125
-11252.15625
-8605.453125
-5696.890625
-2749.78125
0.0
2291.390625
4028.3125
5189.546875
5758.015625
5662.59375
4822.609375
3319.203125
1523.078125
0.0
-813.5625
-977.6875
-855.078125
-840.5625
-1155.5625
-1778.53125
-2497.671875
-3024.890625
-3136.46875
-2797.015625
-2179.09375
-1515.46875
-864.296875
0.0
1451.703125
3766.59375
6749.5625
9810.171875
12358.6875
14124.65625
15135.21875
15456.484375
15019.015625
13689.046875
11448.328125
8484.375
5184.734375
2140.875
140.359375
0.0
2195.375
6487.265625
12028.90625
17700.90625
22483.625
25719.71875
27228.90625
27269.046875
26329.109375
24842.984375
23027.296875
20953.296875
18709.671875
16425.84375
14130.25
11639.234375
8624.546875
4789.671875
0.0
-5666.421875
-11894.515625
-18257.328125
-24368.875
-30001.671875
-35071.625
-39511.03125
-43192.390625
-45995.453125
-47910.3125
-49022.453125
-49398.1875
-49025.265625
-47874.0
-45975.390625
-43406.078125
-40210.984375
-36370.609375
-31845.828125
-26647.921875
-20892.90625
-14847.484375
-8959.421875
-3817.734375
0.0
2148.421875
2680.8125
2098.859375
1171.9375
618.0625
838.109375
1839.203125
3313.984375
4749.234375
5536.84375
5189.078125
3665.765625
1578.15625
0.0
-57.359375
1881.8125
5616.109375
10475.25
15622.953125
20290.71875
23935.53125
26299.90625
27313.234375
26904.546875
24943.125
21406.65625
16583.46875
11042.84375
5380.34375
0.0
-4900.890625
-9248.359375
-13019.34375
-16210.796875
-18748.015625
-20382.8125
-20757.0
-19654.046875
-17216.171875
-13906.609375
-10258.921875
-6648.09375
-3231.078125
0.0
3165.765625
6460.609375
10099.140625
14198.859375
18666.0
23148.953125
27066.578125
29704.859375
30404.015625
28824.71875
25162.3125
20114.84375
14559.671875
9166.0
4259.140625
0.0
-3363.125
-5432.0625
-6019.953125
-5343.859375
-3897.796875
-2204.359375
-711.984375
151.953125
0.0
-1340.53125
-3708.6875
-6541.34375
-9141.515625
-10999.40625
-11883.375
-11699.0
-10344.5
-7781.015625
-4290.296875
-635.484375
2152.5625
3310.625
2800.796875
1315.71875
-141.703125
-731.484375
0.0
2124.09375
5390.34375
9265.234375
13118.640625
16550.96875
19640.484375
22900.796875
26980.65625
32332.875
39037.0
46788.15625
54968.46875
62758.0
69309.828125
74004.203125
76706.65625
77882.046875
78458.84375
79486.203125
81755.140625
85556.640625
90654.890625
96467.875
102385.4375
108076.71875
113593.921875
119201.265625
125097.90625
131302.234375
137771.328125
144565.21875
151852.671875
159780.75
168376.4375
177555.515625
187174.5
197067.734375
207083.46875
217110.28125
227031.703125
236618.984375
245502.390625
253327.75
260004.171875
265832.96875
271425.78125
277500.578125
284675.390625
293298.84375
303331.828125
314341.25
325654.125
336618.328125
346835.296875
356250.796875
365075.625
373597.28125
382008.40625
390368.4375
398701.265625
407103.265625
415741.8125
424764.734375
434231.5
444110.71875
454290.90625
464569.640625
474664.5625
484276.234375
493153.671875
501124.90625
508151.640625
514467.59375
520706.046875
527827.0625
536800.484375
548244.203125
562259.0625
578496.015625
596299.015625
614800.359375
633009.59375
649990.046875
665102.046875
678167.0625
689436.03125
699394.203125
708548.46875
717327.109375
726118.234375
735368.265625
745611.9375
757335.765625
770708.390625
785379.40625
800576.25
815502.46875
829736.609375
843301.015625
856400.203125
869159.984375
881634.84375
893993.59375
906598.25
919867.484375
934071.484375
949221.0625
965060.65625
981115.90625
996792.734375
1011512.921875
1024803.265625
1036303.546875
1045793.515625
1053323.890625
1059339.734375
1064604.375
1069934.328125
1075965.8125
1083091.046875
1091467.765625
1100992.71875
1111318.625
1122024.578125
1132826.359375
1143598.453125
1154204.390625
1164390.65625
1173900.03125
1182639.609375
1190664.59375
1198007.46875
1204593.796875
1210349.203125
1215333.71875
1219710.15625
1223575.40625
1226852.125
1229366.578125
1231043.53125
1232044.046875
1232734.375
1233528.78125
1234749.171875
1236604.296875
1239254.171875
1242849.03125
1247494.8125
1253200.53125
1259867.421875
1267313.953125
1275311.390625
1283639.53125
1292151.453125
1300770.9375
1309377.609375
1317685.8125
1325287.25
1331873.171875
1337450.46875
1342375.25
1347206.390625
1352485.125
1358499.765625
1365083.734375
1371589.328125
1377177.609375
1381326.78125
1384214.34375
1386693.421875
1389917.21875
1394900.65625
1402238.984375
1412011.609375
1423823.921875
1436965.203125
1450637.359375
1464142.671875
1476941.84375
1488614.078125
1498820.828125
1507321.203125
1514009.8125
1518951.90625
1522424.140625
1524938.203125
1527169.703125
1529753.453125
1533043.0
1537009.4375
1541366.234375
1545829.8125
1550330.03125
1555041.046875
1560233.765625
1566052.421875
1572350.59375
1578688.34375
1584504.046875
1589363.953125
1593139.53125
1596026.453125
1598443.390625
1600911.59375
1603958.875
1608012.96875
1613266.390625
1619591.8125
1626615.921875
1633942.890625
1641364.59375
1648883.9375
1656545.78125
1664249.109375
1671715.734375
1678620.890625
1684735.609375
1689957.75
1694267.015625
1697727.078125
1700558.5625
1703156.78125
1705943.9375
1709138.59375
1712653.546875
1716211.25
1719529.4375
1722371.765625
1724454.65625
1725391.921875
1724813.703125
1722588.75
1718970.828125
1714568.828125
1710167.53125
1706476.046875
1703892.4375
1702396.734375
1701659.046875
1701314.671875
1701217.984375
1701499.828125
1702418.0625
1704130.46875
1706527.71875
1709193.796875
1711508.078125
1712854.015625
1712830.359375
1711335.0
1708487.703125
1704503.984375
1699665.65625
1694408.1875
1689402.53125
1685504.8125
1683559.25
1684146.453125
1687396.65625
1692959.71875
1700163.984375
1708300.953125
1716876.515625
1725672.421875
1734598.203125
1743479.234375
1751958.453125
1759557.40625
1765799.59375
1770293.140625
1772780.625
1773226.75
1771935.609375
1769570.84375
1766965.203125
1764779.078125
1763232.359375
1762107.65625
1761012.421875
1759683.15625
1758098.8125
1756351.78125
1754433.40625
1752149.015625
1749240.921875
1745605.1875
1741424.15625
1737148.40625
1733404.125
1730898.328125
1730274.28125
1731843.1875
1735297.953125
1739701.703125
1743929.390625
1747329.75
1750077.21875
1752886.15625
1756324.5
1760324.25
1764261.125
1767422.484375
1769392.203125
1770107.34375
1769733.984375
1768601.234375
1767197.34375
1766067.46875
1765594.984375
1765877.65625
1766864.890625
1768623.875
1771425.0625
1775518.984375
1780809.59375
1786736.203125
1792467.078125
1797235.75
1800575.515625
1802342.890625
1802597.734375
1801489.640625
1799252.203125
1796281.046875
1793171.40625
1790612.625
1789170.78125
1789102.078125
1790312.46875
1792458.3125
1795104.3125
1797868.46875
1800518.0625
1802988.359375
1805321.296875
1807584.0
1809851.59375
1812259.234375
1815028.234375
1818389.015625
1822442.890625
1827074.046875
1831961.796875
1836656.5
1840689.453125
1843733.296875
1845787.375
1847258.890625
1848815.03125
1851059.171875
1854253.03125
1858261.5625
1862687.40625
1867036.515625
1870835.484375
1873746.765625
1875705.125
1876975.84375
1878030.234375
1879299.796875
1881003.125
1883156.453125
1885685.5625
1888492.765625
1891446.9375
1894370.5625
1897065.609375
1899345.671875
1901049.171875
1902054.328125
1902295.921875
1901738.515625
1900316.765625
1897954.75
1894735.84375
1891092.890625
1887783.515625
1885591.515625
1884968.234375
1885881.625
1887938.875
1890652.171875
1893693.671875
1897040.40625
1900935.71875
1905657.78125
1911246.359375
1917430.46875
1923843.78125
1930328.078125
1937029.078125
1944191.515625
1951826.453125
1959498.15625
1966366.328125
1971472.765625
1974142.109375
1974286.09375
1972426.53125
1969431.859375
1966157.75
1963192.375
1960750.734375
1958663.40625
1956461.75
1953609.15625
1949811.953125
1945197.5625
1940205.515625
1935287.0
1930670.421875
1926351.453125
1922246.40625
1918346.6875
1914784.71875
1911821.53125
1909786.953125
1908972.953125
1909489.375
1911146.234375
1913459.734375
1915817.546875
1917713.75
1918894.640625
1919334.953125
1919123.078125
1918396.5
1917359.21875
1916277.265625
1915371.640625
1914685.390625
1914085.484375
1913446.171875
1912878.859375
1912820.484375
1913903.890625
1916675.421875
1921290.984375
1927319.03125
1933750.140625
1939258.65625
1942660.203125
1943388.078125
1941745.5625
1938756.109375
1935647.78125
1933255.265625
1931700.71875
1930510.46875
1928995.0625
1926574.625
1922894.609375
1917826.84375
1911497.28125
1904317.921875
1896893.859375
1889790.1875
1883330.890625
1877612.234375
1872717.453125
1868926.71875
1866719.625
1866551.0625
1868573.71875
1872523.25
1877843.875
1883936.296875
1890332.9375
1896717.234375
1902873.9375
1908693.09375
1914225.015625
1919673.890625
1925274.5625
1931139.15625
1937195.9375
1943232.890625
1948961.40625
1954056.796875
1958225.84375
1961333.4375
1963500.859375
1965046.9375
1966278.828125
1967310.390625
1968074.21875
1968495.671875
1968637.8125
1968687.359375
1968840.171875
1969228.140625
1969934.4375
1971033.390625
1972609.0625
1974777.640625
1977710.484375
1981567.9375
1986299.328125
1991463.078125
1996320.265625
2000242.609375
2003132.9375
2005478.625
2007972.90625
2011022.3125
2014517.65625
2017969.34375
2020812.75
2022637.234375
2023241.328125
2022568.5625
2020624.234375
2017433.4375
2013049.59375
2007597.078125
2001335.859375
1994736.46875
1988519.21875
1983574.5625
1980714.046875
1980327.65625
1982134.84375
1985196.0625
1988207.828125
1989957.421875
1989752.21875
1987650.375
1984386.15625
1981021.046875
1978517.609375
1977482.9375
1978175.8125
1980643.15625
1984792.65625
1990364.46875
1996927.75
2003988.296875
2011123.8125
2018004.75
2024289.578125
2029532.078125
2033219.671875
2034917.84375
2034409.53125
2031765.390625
2027356.296875
2021824.34375
2015994.75
2010724.484375
2006741.546875
2004539.09375
2004329.265625
2006010.25
2009134.546875
2012942.671875
2016538.375
2019189.953125
2020620.96875
2021112.921875
2021330.375
2021958.21875
2023389.0
2025681.671875
2028797.046875
2032862.09375
2038178.03125
2044938.34375
2052926.421875
2061496.671875
2069866.234375
2077453.796875
2083994.421875
2089409.671875
2093639.078125
2096632.53125
2098509.671875
2099705.78125
2100899.40625
2102675.78125
2105119.671875
2107659.6875
2109347.546875
2109420.796875
2107750.453125
2104867.25
2101612.515625
2098738.203125
2096740.765625
2095939.53125
2096587.484375
2098821.328125
2102469.40625
2106929.109375
2111314.375
2114843.03125
2117188.46875
2118520.46875
2119241.640625
2119707.046875
2120175.359375
2120922.328125
2122236.328125
2124173.546875
2126290.078125
2127677.03125
2127371.90625
2124886.4375
2120509.03125
2115230.96875
2110383.203125
2107179.203125
2106338.921875
2107901.65625
2111265.609375
2115431.953125
2119378.90625
2122438.265625
2124506.828125
2125967.75
2127365.359375
2129068.03125
2131163.109375
2133605.5625
2136404.1875
2139638.28125
2143326.34375
2147333.890625
2151431.515625
2155428.84375
2159255.90625
2162965.6875
2166715.484375
2170747.8125
2175328.5625
2180626.65625
2186600.9375
2192978.578125
2199342.921875
2205271.953125
2210451.328125
2214716.375
2218028.46875
2220438.515625
2222089.734375
2223243.59375
2224241.109375
2225352.8125
2226616.625
2227834.5
2228768.234375
2229363.5625
2229791.203125
2230282.734375
2230937.8125
2231670.828125
2232298.65625
2232655.96875
2232656.1875
2232298.78125
2231654.578125
2230848.78125
2230050.921875
2229470.09375
2229332.703125
2229827.359375
2231049.015625
2232996.375
2235619.421875
2238849.09375
2242570.109375
2246588.171875
2250653.859375
2254513.359375
2257905.84375
2260519.109375
2262018.609375
2262207.65625
2261203.140625
2259452.8125
2257567.890625
2256119.84375
2255540.5
2256106.4375
2257893.234375
2260663.625
2263800.640625
2266437.9375
2267814.96875
2267683.875
2266491.4375
2265168.421875
2264638.90625
2265379.125
2267298.671875
2269937.640625
2272759.421875
2275360.421875
2277588.859375
2279618.640625
2281936.84375
2285174.0
2289831.640625
2296081.125
2303746.703125
2312422.859375
2321614.609375
2330863.5625
2339864.015625
2348511.953125
2356803.59375
2364631.140625
2371674.765625
2377531.546875
2381972.984375
2385069.21875
2387058.6875
2388120.28125
2388301.5
2387670.921875
2386517.609375
2385374.8125
2384823.90625
2385239.109375
2386675.515625
2388969.890625
2391941.3125
2395503.125
2399589.859375
2403991.203125
2408290.828125
2412010.828125
2414842.5625
2416737.703125
2417777.84375
2417987.78125
2417320.890625
2415840.9375
2413885.0
2412000.15625
2410687.671875
2410186.421875
2410464.5
2411365.75
2412732.296875
2414413.140625
2416232.65625
2418031.71875
2419776.640625
2421611.234375
2423760.796875
2426354.921875
2429340.203125
2432568.578125
2435959.390625
2439566.09375
2443516.671875
2447959.390625
2453114.796875
2459352.0
2467135.25
2476832.859375
2488541.375
2502026.15625
2516712.203125
2531653.375
2545582.359375
2557200.046875
2565636.921875
2570772.359375
2573172.890625
2573744.265625
2573380.921875
2572765.9375
2572274.765625
2571945.1875
2571586.5625
2571046.15625
2570449.640625
2570180.453125
2570588.4375
2571678.0625
2573042.265625
2574097.40625
2574466.09375
2574278.21875
2574201.015625
2575139.03125
2577746.515625
2582047.328125
2587398.5625
2592790.140625
2597267.6875
2600267.296875
2601776.515625
2602311.640625
2602714.0
2603815.59375
2606119.78125
2609668.8125
2614161.953125
2619224.71875
2624642.140625
2630414.171875
2636641.09375
2643389.03125
2650680.96875
2658578.8125
2667165.046875
2676336.9375
2685616.203125
2694270.4375
2701742.09375
2708018.1875
2713619.5625
2719302.703125
2725825.734375
2733922.671875
2744277.96875
2757278.5
2772645.953125
2789282.140625
2805530.59375
2819744.453125
2830858.46875
2838683.84375
2843799.359375
2847121.84375
2849420.328125
2851060.84375
2852084.859375
2852488.25
2852477.265625
2852560.796875
2853464.96875
2855933.90625
2860515.734375
2867426.0
2876519.546875
2887333.609375
2899172.578125
2911254.703125
2922921.625
2933815.75
2943903.453125
2953335.3125
2962258.640625
2970697.328125
2978534.03125
2985587.90625
2991765.53125
2997200.5
3002258.984375
3007391.703125
3012972.875
3019259.9375
3026424.1875
3034514.90625
3043368.640625
3052628.171875
3061925.703125
3071053.53125
3079947.421875
3088559.515625
3096839.703125
3104864.015625
3112915.78125
3121375.125
3130527.734375
3140501.234375
3151351.296875
3163120.234375
3175735.90625
3188841.625
3201771.984375
3213781.390625
3224404.609375
3233694.59375
3242160.546875
3250463.40625
3259115.671875
3268402.015625
3278510.28125
3289665.828125
3302093.15625
3315835.140625
3330618.921875
3345915.21875
3361165.5625
3376020.515625
3390439.828125
3404618.0625
3418813.484375
3433203.671875
3447858.078125
3462837.796875
3478338.96875
3494735.65625
3512421.875
3531522.90625
3551714.46875
3572347.640625
3592803.546875
3612772.59375
3632245.40625
3651314.390625
3670033.546875
3688415.46875
3706446.40625
3724053.5
3741128.78125
3757669.671875
3773875.265625
3790012.65625
3806159.484375
3822146.375
3837818.0625
3853338.65625
3869201.3125
3885952.03125
3903937.828125
3923288.1875
3944025.609375
3966096.8125
3989294.0
4013210.171875
4037332.96875
4061222.34375
4084640.453125
4107560.96875
4130089.96875
4152388.609375
4174668.578125
4197250.671875
4220596.078125
4245220.453125
4271493.6875
4299441.453125
4328693.984375
4358644.40625
4388734.859375
4418683.875
4448497.28125
4478277.0625
4508018.109375
4537573.796875
4566765.8125
4595447.125
4623414.75
4650314.40625
4675756.3125
4699634.40625
4722369.90625
4744824.828125
4767942.421875
4792411.890625
4818563.015625
4846422.890625
4875754.21875
4906036.875
4936508.3125
4966315.46875
4994662.609375
5020835.875
5044173.453125
5064144.34375
5080530.53125
5093503.015625
5103462.09375
5110795.25
5115792.75
5118707.421875
5119713.078125
5118665.265625
5114915.765625
5107489.34375
5095582.71875
5079005.59375
5058234.203125
5034083.875
5007261.390625
4978069.09375
4946400.828125
4912005.578125
4874837.03125
4835242.1875
4793864.75
4751369.671875
4708217.984375
4664629.6875
4620698.9375
4576535.296875
4532320.71875
4488239.59375
4444329.59375
4400383.546875
4356018.734375
4310886.1875
4264843.171875
4217931.71875
4170199.40625
4121571.234375
4071942.78125
4021424.296875
3970460.078125
3919615.859375
3869158.71875
3818821.015625
3768013.125
3716302.65625
3663689.5
3610423.625
3556611.453125
3502071.484375
3446590.859375
3390266.890625
3333520.59375
3276729.75
3219837.765625
3162332.734375
3103644.4375
3043636.859375
2982801.140625
2922003.78125
2861980.203125
2802933.84375
2744510.765625
2686146.46875
2627510.609375
2568707.765625
2510104.359375
2451981.625
2394352.6875
2337094.4375
2280232.015625
2224102.265625
2169281.359375
2116363.625
2065725.90625
2017354.90625
1970790.953125
1925237.046875
1879803.015625
1833748.96875
1786601.0625
1738145.5
1688396.9375
1637584.390625
1586114.875
1534489.6875
1483216.453125
1432755.65625
1383476.78125
1335597.15625
1289151.453125
1244062.890625
1200293.484375
1157948.0
1117229.796875
1078271.703125
1040959.328125
1004854.296875
969260.046875
933414.859375
896750.75
859116.625
820848.078125
782620.578125
745139.9375
708836.640625
673742.4375
639604.9375
606123.90625
573124.5
540580.921875
508560.484375
477205.90625
446780.3125
417695.78125
390453.21875
365510.53125
343152.8125
323416.828125
306079.609375
290712.5625
276801.859375
263898.28125
251707.796875
240047.40625
228702.609375
217336.828125
205574.28125
193201.28125
180288.625
167114.671875
153988.15625
141162.53125
128878.546875
117389.671875
106875.734375
97358.9375
88773.328125
81119.78125
74472.625
68765.09375
63585.546875
58259.640625
52208.828125
45306.515625
37980.8125
31029.234375
25267.71875
21175.46875
18699.09375
17323.1875
16349.046875
15169.71875
13386.25
10825.28125
7599.328125
4181.375
1303.78125
-386.28125
-698.40625
0.0
1017.296875
1692.5
1614.015625
641.265625
-1171.40625
-3635.359375
-6457.4375
-9308.34375
-11968.671875
-14468.4375
-17063.875
-20016.75
-23365.6875
-26920.609375
-30456.234375
-33819.5625
-36766.515625
-38724.609375
-38856.203125
-36504.046875
-31669.171875
-25108.71875
-17999.734375
-11464.703125
-6261.390625
-2706.625
-734.78125
0.0
-6.625
-273.40625
-466.09375
-451.953125
-208.4375
379.4375
1664.515625
4151.953125
8203.75
13772.71875
20392.34375
27394.890625
34129.40625
40023.78125
44554.84375
47264.046875
47829.65625
46099.84375
42060.640625
35833.25
27770.6875
18568.734375
9231.5
840.15625
-5750.71875
-10111.109375
-12248.859375
-12491.8125
-11337.515625
-9326.46875
-6939.96875
-4517.25
-2209.921875
0.0
2231.265625
4625.328125
7216.421875
9847.21875
12151.3125
13639.046875
13890.25
12759.46875
10442.171875
7334.71875
3795.125
0.0
-4011.046875
-8202.1875
-12468.4375
-16699.59375
-20868.15625
-24997.375
-28998.65625
-32518.3125
-34951.90625
-35660.21875
-34264.5625
-30835.75
-25861.5625
-20032.9375
-14014.140625
-8351.375
-3524.78125
0.0
1842.796875
1850.78125
203.90625
-2698.421875
-6463.40625
-10830.90625
-15610.75
-20540.296875
-25231.390625
-29256.765625
-32283.296875
-34135.484375
-34755.78125
-34122.046875
-32213.59375
-29075.03125
-24931.1875
-20226.59375
-15495.859375
-11122.765625
-7178.34375
-3481.6875
169.359375
3789.109375
7152.4375
9879.84375
11562.234375
11875.765625
10683.8125
8093.53125
4410.109375
0.0
-4812.546875
-9698.28125
-14242.640625
-17904.453125
-20139.265625
-20640.78125
-19512.9375
-17224.953125
-14371.484375
-11407.734375
-8536.984375
-5802.890625
-3286.203125
-1237.734375
-37.5625
0.0
-1157.125
-3172.078125
-5406.140625
-7148.078125
-7874.90625
-7398.703125
-5829.296875
-3404.703125
-339.671875
3174.0625
6824.515625
10053.28125
12114.0
12316.265625
10281.953125
6045.453125
0.0
-7175.953125
-14545.34375
-21014.71875
-25577.046875
-27624.421875
-27118.78125
-24494.984375
-20401.546875
-15496.90625
-10403.46875
-5740.359375
-2109.171875
0.0
308.359375
-1223.40625
-4343.65625
-8551.921875
-13190.34375
-17521.734375
-20783.25
-22276.984375
-21559.484375
-18663.46875
-14165.78125
-8988.015625
-4046.546875
0.0
2794.8125
4224.421875
4288.65625
3065.703125
719.140625
-2471.203125
-6036.65625
-9274.390625
-11362.53125
-11650.390625
-9936.875
-6525.859375
-2051.0
2750.703125
7178.96875
10649.796875
12790.078125
13519.796875
13030.3125
11649.890625
9700.640625
7444.65625
5108.921875
2910.9375
1039.625
-383.125
-1312.890625
-1754.921875
-1738.78125
-1334.203125
-686.59375
0.0
552.859375
899.171875
1038.3125
926.609375
461.703125
-342.6875
-1167.046875
-1441.734375
-664.078125
1295.375
4140.0
7302.609375
10106.890625
11867.5625
12031.546875
10401.03125
7296.078125
3499.65625
0.0
-2325.390625
-2966.4375
-1893.59375
495.46875
3611.890625
6975.90625
10367.453125
13725.703125
16922.953125
19633.609375
21396.46875
21794.875
20621.625
17950.84375
14105.296875
9546.953125
4736.078125
0.0
-4557.40625
-9068.15625
-13820.578125
-19050.578125
-24721.078125
-30462.296875
-35735.921875
-40108.0
-43447.1875
-45943.28125
-47951.484375
-49739.78125
-51279.34375
-52240.609375
-52227.5
-51053.234375
-48795.09375
-45614.078125
-41611.171875
-36933.765625
-31989.09375
-27436.40625
-23873.25
-21492.328125
-20009.03125
-18861.734375
-17466.3125
-15382.234375
-12407.703125
-8627.8125
-4362.359375
0.0
4161.09375
7936.0
11189.171875
13824.25
15899.125
17743.953125
19900.953125
22862.984375
26787.75
31393.59375
36085.21875
40186.109375
43129.0
44556.296875
44363.875
42705.21875
39938.015625
36530.265625
32993.140625
29859.5
27615.5
26505.71875
26317.359375
26382.0
25890.734375
24313.28125
21593.578125
18008.984375
13882.484375
9414.046875
4723.734375
0.0
-4414.5625
-8104.1875
-10838.96875
-12806.5625
-14587.953125
-16803.625
-19656.53125
-22750.9375
-25357.703125
-26895.34375
-27215.1875
-26502.671875
-24982.390625
-22751.125
-19860.6875
-16486.9375
-12953.890625
-9564.5
-6403.140625
-3301.359375
0.0
3624.421875
7428.921875
11076.171875
14224.3125
16731.546875
18755.5625
20656.734375
22727.609375
24918.640625
26766.65625
27585.109375
26776.671875
24083.796875
19708.109375
14320.125
8937.171875
4611.609375
1997.375
1053.421875
1126.671875
1382.671875
1278.890625
775.5
212.4375
0.0
330.15625
1065.859375
1841.515625
2340.171875
2536.171875
2689.0625
3093.0625
3826.015625
4732.625
5608.046875
6334.6875
6825.203125
6894.484375
6273.5625
4778.96875
2441.703125
-545.921875
-3971.015625
-7633.953125
-11238.046875
-14297.796875
-16223.03125
-16547.765625
-15136.03125
-12234.265625
-8363.84375
-4125.234375
0.0
3760.609375
7100.40625
10043.765625
12579.34375
14639.671875
16149.859375
17036.734375
17171.1875
16359.9375
14501.296875
11825.875
8971.09375
6728.828125
5612.359375
5594.578125
6229.453125
7011.0
7627.859375
7937.5625
7803.890625
7053.921875
5618.34375
3682.015625
1659.6875
0.0
-1027.5
-1426.546875
-1447.828125
-1446.96875
-1688.765625
-2196.921875
-2752.203125
-3045.78125
-2853.53125
-2076.328125
-640.171875
1586.890625
4719.4375
8661.59375
12982.15625
17002.3125
20063.578125
21801.65625
22248.375
21699.1875
20433.5625
18479.125
15596.65625
11508.984375
6194.890625
0.0
-6522.296875
-12875.34375
-18762.359375
-24020.90625
-28507.078125
-32099.0
-34792.65625
-36724.421875
-38049.265625
-38792.984375
-38832.765625
-38008.03125
-36229.46875
-33492.078125
-29828.3125
-25294.75
-20032.265625
-14360.25
-8825.296875
-4130.5
-929.796875
421.84375
0.0
-1776.375
-4381.8125
-7351.46875
-10329.390625
-13046.96875
-15325.625
-17117.15625
-18511.0
-19653.5625
-20607.078125
-21237.46875
-21219.0
-20178.984375
-17904.75
-14474.34375
-10223.21875
-5592.671875
-987.953125
3273.921875
6945.03125
9807.09375
11636.0
12189.046875
11252.734375
8753.828125
4861.265625
0.0
-5204.46875
-9971.390625
-13422.84375
-14719.84375
-13326.125
-9283.8125
-3297.6875
3469.515625
9799.53125
14820.890625
18231.40625
20257.953125
21407.15625
22175.765625
22887.3125
23685.71875
24583.421875
25479.1875
26175.6875
26458.640625
26208.328125
25447.859375
24298.609375
22907.71875
21398.984375
19825.796875
18109.5625
16023.109375
13280.96875
9688.0
5223.03125
0.0
-5829.765625
-12143.796875
-18860.390625
-25893.421875
-33058.328125
-39975.90625
-46077.6875
-50777.390625
-53716.796875
-54895.71875
-54593.765625
-53180.6875
-50969.359375
-48153.796875
-44780.046875
-40741.015625
-35854.015625
-30022.34375
-23361.25
-16177.578125
-8847.84375
-1742.125
4743.75
10137.25
13926.59375
15685.25
15211.609375
12645.90625
8549.984375
3882.140625
-219.671875
-2807.921875
-3449.453125
-2311.171875
0.0
2685.125
4941.71875
6107.140625
5730.578125
3608.703125
-179.953125
-5225.765625
-10769.59375
-15804.8125
-19327.421875
-20640.203125
-19576.421875
-16567.265625
-12526.625
-8538.46875
-5418.34375
-3385.90625
-2104.171875
-1068.125
0.0
1083.5625
2111.015625
3144.5
4375.359375
6009.21875
8203.9375
11070.109375
14627.890625
18695.296875
22806.1875
26245.453125
28195.171875
27951.859375
25192.09375
20228.296875
14108.78125
8404.6875
4671.265625
3796.03125
5584.6875
8853.25
12003.765625
13751.8125
13592.328125
11807.734375
9129.515625
6311.578125
3823.328125
1763.25
0.0
-1569.796875
-2854.671875
-3614.921875
-3659.65625
-2989.953125
-1801.78125
-436.125
663.453125
1065.1875
576.359375
-590.515625
-1937.703125
-3040.0
-3812.78125
-4446.265625
-5111.5
-5737.859375
-6032.828125
-5682.296875
-4574.46875
-2921.453125
-1210.65625
0.0
326.78125
-299.65625
-1662.8125
-3378.8125
-5038.25
-6337.84375
-7141.125
-7400.96875
-7000.328125
-5705.015625
-3335.6875
0.0
3871.5625
7722.390625
11135.15625
13927.984375
16136.640625
18013.71875
20011.5625
22618.71875
26079.90625
30234.734375
34650.625
38933.6875
42913.640625
46538.640625
49628.578125
51791.359375
52635.671875
52085.90625
50461.46875
48201.828125
45490.015625
42149.109375
37908.21875
32757.96875
27047.921875
21260.734375
15701.421875
10377.6875
5148.875
0.0
-4785.03125
-8696.21875
-11356.265625
-12783.15625
-13319.90625
-13293.21875
-12724.046875
-11349.1875
-8885.8125
-5260.640625
-636.0
4702.296875
10446.140625
16282.9375
21840.28125
26603.71875
29897.765625
31031.96875
29598.578125
25734.875
20140.65625
13835.21875
7845.8125
3021.609375
0.0
-798.1875
743.125
4402.59375
9572.453125
15296.078125
20446.40625
23991.609375
25233.96875
23938.625
20353.765625
15158.90625
9341.609375
3983.59375
0.0
-2053.046875
-2011.359375
-25.4375
3545.921875
8178.0625
13160.15625
17606.4375
20601.453125
21483.09375
20120.171875
16983.125
12923.078125
8789.71875
5138.109375
2189.359375
0.0
-1337.390625
-1612.15625
-660.515625
1465.984375
4436.0625
7682.09375
10505.921875
12233.296875
12428.53125
11095.71875
8699.15625
5930.40625
3391.65625
1449.921875
296.671875
0.0
401.03125
997.65625
1123.359375
271.359375
-1717.390625
-4721.078125
-8468.0625
-12531.59375
-16275.671875
-18974.0625
-20092.9375
-19480.84375
-17312.796875
-13933.109375
-9808.65625
-5572.375
-1960.78125
430.5
1420.078125
1343.75
938.5625
1090.015625
2537.25
5615.578125
10137.734375
15496.5
20937.328125
25806.453125
29601.328125
31863.953125
32140.28125
30159.078125
26103.953125
20684.5
14874.03125
9513.4375
5101.65625
1875.203125
0.0
-326.25
1110.0625
4431.234375
9536.046875
15942.96875
22709.09375
28575.640625
32334.625
33200.890625
30967.921875
25918.796875
18626.1875
9767.71875
0.0
-10099.984375
-20027.46875
-29339.1875
-37624.5
-44458.0
-49352.140625
-51794.671875
-51438.375
-48345.4375
-43055.84375
-36369.609375
-29008.828125
-21434.640625
-13910.125
-6666.71875
0.0
5702.390625
9914.171875
12304.5
12923.890625
12172.15625
10572.171875
8515.015625
6202.21875
3808.125
1631.078125
0.0
-916.65625
-1009.671875
-505.15625
224.9375
928.765625
1495.75
1806.796875
1672.625
995.90625
0.0
-833.25
-1256.5625
-1222.96875
-842.84375
-278.109375
329.0
829.859375
1063.375
949.8125
582.359375
173.28125
-112.6875
-255.65625
-306.671875
-251.640625
0.0
504.078125
1253.625
2080.515625
2861.546875
3766.3125
5231.703125
7619.921875
10830.0
14209.265625
16849.03125
18009.703125
17353.046875
14899.609375
10887.765625
5720.46875
0.0
-5514.578125
-10132.390625
-13317.46875
-14732.125
-14174.53125
-11516.09375
-6800.65625
-482.625
6434.703125
12585.46875
16700.984375
18036.6875
16501.34375
12504.359375
6732.390625
0.0
-6839.5625
-12978.015625
-17836.046875
-21130.34375
-22827.0625
-23073.15625
-22156.5625
-20459.625
-18354.0
-16074.0
-13672.53125
-11104.609375
-8355.1875
-5495.796875
-2657.75
0.0
2304.78125
4152.1875
5725.921875
7629.015625
10676.53125
15385.15625
21556.21875
28333.4375
34686.890625
39908.515625
43787.515625
46477.21875
48242.234375
49205.390625
49160.8125
47578.578125
43887.96875
37894.671875
30024.84375
21232.6875
12683.96875
5408.203125
0.0
-3576.515625
-5933.625
-7897.484375
-10003.953125
-12247.046875
-14269.09375
-15773.46875
-16794.09375
-17677.609375
-18893.09375
-20809.625
-23481.359375
-26479.578125
-28897.03125
-29632.953125
-27881.9375
-23563.78125
-17427.09375
-10764.46875
-4930.109375
-942.65625
689.09375
0.0
-2437.03125
-5620.421875
-8319.421875
-9524.65625
-8864.890625
-6696.40625
-3864.109375
-1353.828125
0.0
-236.578125
-1887.15625
-4294.15625
-6650.4375
-8387.15625
-9378.3125
-9860.59375
-10178.78125
-10520.796875
-10749.921875
-10414.234375
-8975.703125
-6162.109375
-2208.25
2185.90625
6125.75
8829.171875
9847.0
9178.546875
7256.140625
4747.203125
2236.25
0.0
-1958.734375
-3690.3125
-5090.90625
-5896.671875
-5833.546875
-4790.4375
-2933.40625
-726.390625
1170.6875
2118.3125
1731.234375
0.0
-2750.296875
-6005.0
-9191.3125
-11823.296875
-13663.921875
-14842.234375
-15819.59375
-17170.078125
-19279.5
-22131.875
-25281.3125
-27990.03125
-29463.171875
-29118.921875
-26820.703125
-22959.90625
-18307.3125
-13691.953125
-9695.625
-6526.03125
-4070.9375
-2022.71875
0.0
2323.375
5083.59375
8123.234375
11077.96875
13622.9375
15691.78125
17485.609375
19264.546875
21105.671875
22834.90625
24171.5
24923.015625
25038.046875
24499.0625
23228.203125
21163.671875
18452.828125
15543.046875
13029.78125
11352.453125
10568.28125
10364.40625
10294.453125
10090.96875
9852.78125
9952.671875
10684.84375
11903.640625
12974.515625
13123.609375
11915.375
9482.765625
6392.859375
3357.90625
1042.75
0.0
589.265625
2817.359375
6298.453125
10367.90625
14324.734375
17661.15625
20170.09375
21939.296875
23287.140625
24655.90625
26457.1875
28912.671875
31978.0
35387.34375
38744.65625
41554.4375
43195.1875
42969.578125
40334.359375
35217.46875
28182.375
20285.421875
12716.25
6458.734375
2132.9375
0.0
36.125
2019.21875
5483.796875
9737.0
13970.421875
17460.765625
19777.046875
20853.4375
20866.71875
20032.875
18507.203125
16435.15625
14018.75
11471.4375
8910.03125
6328.9375
3694.296875
1050.984375
-1447.5
-3560.859375
-4985.078125
-5408.453125
-4641.09375
-2741.234375
0.0
3208.71875
6533.375
9689.5625
12401.5
14441.046875
15819.015625
16949.734375
18580.875
21473.53125
26017.03125
31997.046875
38620.9375
44763.671875
49319.46875
51534.9375
51227.34375
48819.703125
45161.75
41184.90625
37551.890625
34497.953125
31937.546875
29714.296875
27800.515625
26356.375
25679.234375
26071.359375
27623.515625
29991.609375
32355.015625
33667.78125
33062.953125
30141.703125
25040.25
18391.078125
11274.28125
5061.40625
1044.5625
0.0
2022.8125
6767.109375
13770.765625
22560.625
32468.359375
42439.484375
51137.0
57340.125
60374.3125
60319.90625
57940.921875
54422.46875
51019.0
48690.09375
47833.3125
48253.0
49402.203125
50728.171875
51855.4375
52508.640625
52354.796875
51008.65625
48209.15625
43939.546875
38338.796875
31540.4375
23688.109375
15147.40625
6648.5
-878.375
-6688.765625
-10502.046875
-12449.640625
-12797.203125
-11737.890625
-9439.984375
-6256.265625
-2840.453125
0.0
1650.5625
1997.765625
1520.78125
1039.390625
1270.046875
2488.046875
4533.28125
7122.5
10146.4375
13647.25
17533.96875
21413.15625
24779.765625
27356.53125
29168.140625
30269.703125
30490.125
29518.703125
27212.359375
23746.640625
19477.921875
14744.796875
9832.859375
5052.703125
770.515625
-2623.203125
-4725.375
-5134.703125
-3562.328125
0.0
5220.328125
11516.96875
18077.046875
23795.75
27332.734375
27509.140625
23910.46875
17233.453125
9063.828125
1243.421875
-4749.484375
-8133.359375
-8878.03125
-7579.234375
-5192.109375
-2671.984375
-667.515625
576.828125
1105.4375
1079.015625
698.421875
227.578125
0.0
318.328125
1285.78125
2740.234375
4316.421875
5592.875
6215.8125
5931.09375
4553.1875
1953.53125
-1876.953125
-6713.296875
-12018.328125
-16997.265625
-20802.34375
-22786.8125
-22659.078125
-20475.34375
-16547.28125
-11374.53125
-5611.953125
0.0
4761.390625
8117.28125
9687.65625
9286.296875
7018.765625
3403.046875
-670.765625
-4221.96875
-6529.796875
-7287.203125
-6484.765625
-4214.015625
-612.296875
4031.9375
9173.296875
14034.796875
17754.953125
19580.078125
19054.515625
16174.53125
11433.90625
5704.21875
0.0
-4736.296875
-7763.28125
-8712.65625
-7750.5625
-5601.46875
-3278.1875
-1576.546875
-654.859375
0.0
1215.75
3660.34375
7606.59375
12926.734375
19225.84375
26004.90625
32792.203125
39223.46875
45067.671875
50209.03125
54606.0
58254.84375
61185.078125
63495.703125
65396.5625
67199.3125
69248.3125
71844.03125
75203.25
79438.53125
84533.421875
90345.640625
96662.296875
103219.21875
109573.375
114910.6875
118074.90625
117976.78125
114144.859375
106975.46875
97500.390625
86908.328125
76155.09375
65772.0
55820.890625
46007.734375
35999.4375
25803.78125
15914.03125
7090.421875
0.0
-4958.171875
-7575.671875
-7802.28125
-5809.859375
-2095.234375
2504.046875
6913.734375
10008.890625
10876.671875
9135.421875
5159.609375
0.0
-5046.421875
-8975.78125
-11272.09375
-11765.46875
-10359.296875
-6926.1875
-1470.84375
5631.828125
13587.984375
21397.765625
28166.71875
33313.296875
36610.65625
38120.265625
38061.5625
36631.796875
33860.5625
29649.609375
24031.359375
17437.40625
10692.234375
4686.796875
0.0
-3217.6875
-5051.859375
-5598.59375
-4887.78125
-2991.421875
-181.59375
3012.515625
5894.421875
7779.078125
8165.0625
6845.859375
3972.0625
82.234375
-3952.578125
-7166.375
-8895.875
-9110.03125
-8393.59375
-7545.25
-7082.8125
-7024.890625
-7050.15625
-6803.5
-6062.046875
-4708.03125
-2675.5625
0.0
3108.515625
6330.421875
9454.328125
12522.9375
15707.640625
18976.359375
21862.34375
23588.625
23486.765625
21382.609375
17669.765625
13082.875
8409.921875
4331.59375
1359.109375
-256.765625
-648.0
-331.671875
0.0
-234.921875
-1382.921875
-3616.578125
-7002.046875
-11378.078125
-16142.34375
-20252.171875
-22598.28125
-22541.75
-20217.515625
-16382.34375
-11935.984375
-7463.1875
-3098.34375
1233.0
5432.9375
9078.09375
11674.984375
13095.671875
13732.875
14165.28125
14649.859375
14960.90625
14710.0625
13746.765625
12194.796875
10159.75
7529.171875
4123.5625
0.0
-4442.859375
-8632.1875
-12085.734375
-14528.96875
-15889.0625
-16264.78125
-15870.359375
-14920.5
-13532.84375
-11770.03125
-9793.671875
-7937.109375
-6571.09375
-5873.609375
-5722.65625
-5782.421875
-5647.46875
-4904.25
-3136.171875
0.0
4593.859375
10335.09375
16587.4375
22659.84375
28073.265625
32608.859375
36130.578125
38400.9375
39103.75
38045.65625
35307.46875
31193.796875
26080.359375
20356.703125
14486.1875
9013.234375
4414.21875
924.15625
-1459.21875
-2792.765625
-3035.40625
-2092.3125
0.0
2914.375
6004.515625
8545.46875
9998.28125
10178.265625
9212.703125
7279.484375
4320.453125
0.0
-5993.078125
-13508.015625
-21886.3125
-30210.796875
-37685.96875
-43901.828125
-48852.59375
-52768.96875
-55904.21875
-58391.046875
-60212.9375
-61247.5625
-61294.484375
-60046.75
-57073.28125
-51924.25
-44369.90625
-34623.875
-23365.375
-11525.84375
0.0
10504.515625
19415.9375
26276.25
30767.515625
32790.15625
32494.171875
30209.9375
26355.265625
21414.015625
15965.3125
10650.734375
6034.890625
2456.171875
0.0
-1386.421875
-1750.859375
-1156.28125
198.140625
1864.109375
3174.640625
3473.15625
2439.59375
294.0
-2294.8125
-4550.859375
-5925.5
-6187.234375
-5278.609375
-3183.234375
0.0
3840.734375
7486.140625
9964.21875
10655.265625
9603.375
7446.0625
5032.640625
3013.53125
1635.0625
777.90625
142.71875
-518.875
-1208.625
-1621.359375
-1306.078125
0.0
2102.765625
4396.03125
6046.359375
6363.140625
5111.53125
2622.8125
-313.109375
-2733.046875
-3877.0
-3501.859375
-1963.21875
0.0
1644.546875
2512.75
2606.5625
2242.921875
1750.140625
1225.328125
474.21875
-878.296875
-3199.609375
-6673.75
-11195.5
-16363.640625
-21574.9375
-26178.5625
-29625.78125
-31566.75
-31880.046875
-30636.796875
-28017.921875
-24239.953125
-19555.625
-14321.234375
-9020.484375
-4147.453125
0.0
-6105.765625
-6459.984375
-6948.8125
-7421.078125
-7902.546875
-8526.5625
-9452.09375
-10805.15625
-12630.96875
-14853.6875
-17270.796875
-19602.234375
-21569.328125
-22947.921875
-23570.125
-23315.859375
-22154.015625
-20220.234375
-17834.78125
-15395.953125
-13221.859375
-11487.546875
-10302.890625
-9813.9375
-10190.1875
-11504.3125
-13638.390625
-16321.15625
-19270.546875
-22326.71875
-25469.3125
